95 100 100 100
95 100 100 100
95 100 100 100
95 100 100 100
95 100 100 100
95 100 100 100
95 100 100 100
95 100 100 100
95 100 100 100
95 100 100 100
95 100 100 100
95 100 100 100
95 100 100 100
95 100 100 100
95 100 100 100
95 100 100 100
95 100 100 100
95 100 100 100
95 100 100 100
95 100 100 100
95 100 100 100
95 100 100 100
95 100 100 100
95 100 100 100
95 100 100 100
95 100 100 100
95 100 100 100
95 100 100 100
95 100 100 100
95 100 100 100
95 100 100 100
95 99 99 99
95 98 98 98
95 97 97 97
95 96 96 96
95 95 95 95
95 94 94 94
95 93 93 93
95 92 92 92
95 91 91 91
95 90 90 90
95 89 89 89
95 88 88 88
95 87 86 86
94 86 86 86
94 84 84 84
94 82 82 82
93 80 80 80
93 78 78 78
93 76 76 76
92 74 74 74
92 73 73 73
91 72 72 72
91 71 71 71
91 70 70 70
90 69 69 69
90 67 67 67
89 66 66 66
89 65 65 65
88 64 64 64
87 62 62 62
86 61 61 61
86 60 60 60
85 59 59 59
85 58 58 58
84 57 57 57
84 56 56 56
83 55 55 55
82 54 54 54
81 53 53 53
80 51 55 58
79 50 54 57
78 48 53 56
77 47 53 55
75 45 52 55
74 44 52 54
72 42 51 53
71 41 51 53
69 39 50 52
68 38 50 52
66 37 49 51
65 36 48 51
64 35 35 35
62 35 35 35
61 34 34 34
59 34 34 34
58 34 34 34
58 33 33 33
57 33 33 33
56 33 33 33
55 32 32 32
55 32 32 32
54 32 32 32
54 31 31 31
53 31 31 31
52 30 30 30
52 30 30 30
51 30 30 30
50 30 30 30
50 30 30 30
49 30 30 30
48 30 30 30
48 30 30 30
47 30 30 30
47 30 30 30
46 30 30 30
46 29 29 29
45 29 29 29
45 29 29 29
44 29 29 29
43 29 29 29
42 29 29 29
41 29 29 29
40 29 29 29
39 29 29 29
38 29 29 29
37 29 29 29
36 29 29 29
35 28 28 28
35 28 28 28
34 28 28 28
34 28 28 28
34 28 28 28
33 28 28 28
33 28 28 28
33 28 28 28
32 28 28 28
32 28 28 28
32 28 28 28
31 27 27 27
31 25 25 25
31 24 24 24
30 23 23 23
30 21 21 21
30 20 20 20
30 18 18 18
30 18 18 18
30 18 18 18
30 18 18 18
30 18 18 18
29 18 18 18
29 18 18 18
29 18 18 18
29 17 17 17
29 17 17 17
28 17 17 17
28 17 17 17
28 17 17 17
28 17 17 17
28 16 16 16
27 16 16 16
26 16 16 16
25 16 16 16
24 16 16 16
23 16 16 16
22 15 15 15
21 15 15 15
20 15 15 15
19 15 15 15
18 15 15 15
17 14 14 14
16 14 14 14
15 14 14 14
14 14 14 14
13 14 14 14
13 13 13 13
13 13 13 13
13 13 13 13
13 13 13 13
13 13 13 13
13 13 13 13
13 13 13 13
13 13 13 13
13 13 13 13
13 13 13 13
13 13 13 13
13 13 13 13
13 13 13 13
13 13 13 13
13 13 13 13
13 13 13 13