119 131 175 183
119 131 175 183
119 131 175 183
119 131 175 183
119 131 175 183
119 131 175 183
119 131 175 183
119 131 175 183
119 131 175 183
119 131 175 183
119 131 175 183
119 131 175 183
119 131 175 183
119 131 175 183
119 131 175 183
119 131 175 183
119 131 175 183
119 131 175 183
119 131 175 183
119 131 175 183
119 131 175 183
119 131 175 183
119 131 175 183
119 131 175 183
119 131 175 183
119 131 175 183
119 131 175 183
123 131 175 183
128 131 175 183
129 132 176 183
131 134 177 183
133 136 179 183
134 138 180 183
136 139 181 183
138 141 183 184
138 143 184 186
139 145 186 188
140 146 187 189
141 147 189 191
142 149 191 193
143 150 193 195
144 151 195 197
145 153 197 199
146 154 199 201
147 156 201 204
147 156 202 206
147 157 203 208
148 158 205 211
148 159 206 212
149 159 207 213
149 160 209 215
149 161 210 216
150 162 212 218
150 163 213 219
151 163 214 221
151 164 216 222
151 165 217 223
151 166 219 225
151 167 218 226
151 167 218 228
151 168 218 229
151 169 218 231
151 169 218 231
151 170 218 231
151 171 217 231
151 171 217 231
151 172 217 231
151 173 217 231
152 173 217 232
150 174 217 232
149 175 217 232
148 175 216 232
147 175 216 232
146 175 216 232
145 175 216 233
144 175 215 233
143 176 215 233
142 176 215 233
141 176 215 234
140 176 215 234
139 176 214 234
138 176 214 234
137 177 214 235
136 177 214 235
136 177 213 235
135 177 213 235
134 177 213 236
133 177 213 236
132 178 213 236
132 176 212 236
131 175 212 237
130 174 211 237
129 173 211 237
128 172 211 238
128 171 210 238
127 170 210 238
126 169 210 239
125 168 210 239
124 167 210 240
124 166 211 240
123 165 211 240
122 164 212 241
122 163 212 241
121 162 213 242
120 162 213 243
120 161 213 244
119 160 214 246
118 159 214 247
118 158 215 248
117 157 215 250
116 156 216 251
116 155 216 253
115 155 217 254
115 154 215 255
114 153 214 257
113 152 213 258
113 151 212 259
112 150 211 261
111 149 209 262
111 148 208 264
110 147 207 263
109 146 206 262
109 145 205 262
108 144 204 261
108 143 202 260
106 142 201 260
104 141 200 259
103 140 199 258
103 139 198 258
103 138 196 257
103 137 195 257
103 136 194 256
103 135 193 255
103 134 192 255
103 134 191 254
103 133 190 253
103 132 189 253
103 131 189 252
103 130 188 252
103 129 187 251
103 128 187 250
103 127 186 250
103 127 185 249
103 127 185 248
103 127 184 248
103 127 184 247
103 127 183 247
103 127 182 246
103 127 182 245
103 127 181 245
103 127 180 244
103 127 180 243
103 127 179 243
103 127 179 242
103 127 178 242
103 127 177 241
103 127 177 240
103 127 176 240
103 127 175 239
103 127 175 238
103 127 174 238
103 127 174 237
103 127 173 237
103 127 172 236
103 127 172 235
103 127 171 235
103 127 170 234
103 127 170 233
103 127 169 233
103 127 169 232
103 127 169 232
103 127 169 232
103 127 169 232
103 127 169 232
103 127 169 232
103 127 169 232
103 127 169 232
103 127 169 232
103 127 169 232
103 127 169 232
103 127 169 232
